Wygenerowanie ciągu zajęło łącznie 6ms.
Dla maksymalnie 12 bajtowej cyfry zostało wygnerowane 4095 ciągów.
1
01
11
001
101
011
111
0001
1001
0101
1101
0011
1011
0111
1111
00001
10001
01001
11001
00101
10101
01101
11101
00011
10011
01011
11011
00111
10111
01111
11111
000001
100001
010001
110001
001001
101001
011001
111001
000101
100101
010101
110101
001101
101101
011101
111101
000011
100011
010011
110011
001011
101011
011011
111011
000111
100111
010111
110111
001111
101111
011111
111111
0000001
1000001
0100001
1100001
0010001
1010001
0110001
1110001
0001001
1001001
0101001
1101001
0011001
1011001
0111001
1111001
0000101
1000101
0100101
1100101
0010101
1010101
0110101
1110101
0001101
1001101
0101101
1101101
0011101
1011101
0111101
1111101
0000011
1000011
0100011
1100011
0010011
1010011
0110011
1110011
0001011
1001011
0101011
1101011
0011011
1011011
0111011
1111011
0000111
1000111
0100111
1100111
0010111
1010111
0110111
1110111
0001111
1001111
0101111
1101111
0011111
1011111
0111111
1111111
00000001
10000001
01000001
11000001
00100001
10100001
01100001
11100001
00010001
10010001
01010001
11010001
00110001
10110001
01110001
11110001
00001001
10001001
01001001
11001001
00101001
10101001
01101001
11101001
00011001
10011001
01011001
11011001
00111001
10111001
01111001
11111001
00000101
10000101
01000101
11000101
00100101
10100101
01100101
11100101
00010101
10010101
01010101
11010101
00110101
10110101
01110101
11110101
00001101
10001101
01001101
11001101
00101101
10101101
01101101
11101101
00011101
10011101
01011101
11011101
00111101
10111101
01111101
11111101
00000011
10000011
01000011
11000011
00100011
10100011
01100011
11100011
00010011
10010011
01010011
11010011
00110011
10110011
01110011
11110011
00001011
10001011
01001011
11001011
00101011
10101011
01101011
11101011
00011011
10011011
01011011
11011011
00111011
10111011
01111011
11111011
00000111
10000111
01000111
11000111
00100111
10100111
01100111
11100111
00010111
10010111
01010111
11010111
00110111
10110111
01110111
11110111
00001111
10001111
01001111
11001111
00101111
10101111
01101111
11101111
00011111
10011111
01011111
11011111
00111111
10111111
01111111
11111111
000000001
100000001
010000001
110000001
001000001
101000001
011000001
111000001
000100001
100100001
010100001
110100001
001100001
101100001
011100001
111100001
000010001
100010001
010010001
110010001
001010001
101010001
011010001
111010001
000110001
100110001
010110001
110110001
001110001
101110001
011110001
111110001
000001001
100001001
010001001
110001001
001001001
101001001
011001001
111001001
000101001
100101001
010101001
110101001
001101001
101101001
011101001
111101001
000011001
100011001
010011001
110011001
001011001
101011001
011011001
111011001
000111001
100111001
010111001
110111001
001111001
101111001
011111001
111111001
000000101
100000101
010000101
110000101
001000101
101000101
011000101
111000101
000100101
100100101
010100101
110100101
001100101
101100101
011100101
111100101
000010101
100010101
010010101
110010101
001010101
101010101
011010101
111010101
000110101
100110101
010110101
110110101
001110101
101110101
011110101
111110101
000001101
100001101
010001101
110001101
001001101
101001101
011001101
111001101
000101101
100101101
010101101
110101101
001101101
101101101
011101101
111101101
000011101
100011101
010011101
110011101
001011101
101011101
011011101
111011101
000111101
100111101
010111101
110111101
001111101
101111101
011111101
111111101
000000011
100000011
010000011
110000011
001000011
101000011
011000011
111000011
000100011
100100011
010100011
110100011
001100011
101100011
011100011
111100011
000010011
100010011
010010011
110010011
001010011
101010011
011010011
111010011
000110011
100110011
010110011
110110011
001110011
101110011
011110011
111110011
000001011
100001011
010001011
110001011
001001011
101001011
011001011
111001011
000101011
100101011
010101011
110101011
001101011
101101011
011101011
111101011
000011011
100011011
010011011
110011011
001011011
101011011
011011011
111011011
000111011
100111011
010111011
110111011
001111011
101111011
011111011
111111011
000000111
100000111
010000111
110000111
001000111
101000111
011000111
111000111
000100111
100100111
010100111
110100111
001100111
101100111
011100111
111100111
000010111
100010111
010010111
110010111
001010111
101010111
011010111
111010111
000110111
100110111
010110111
110110111
001110111
101110111
011110111
111110111
000001111
100001111
010001111
110001111
001001111
101001111
011001111
111001111
000101111
100101111
010101111
110101111
001101111
101101111
011101111
111101111
000011111
100011111
010011111
110011111
001011111
101011111
011011111
111011111
000111111
100111111
010111111
110111111
001111111
101111111
011111111
111111111
0000000001
1000000001
0100000001
1100000001
0010000001
1010000001
0110000001
1110000001
0001000001
1001000001
0101000001
1101000001
0011000001
1011000001
0111000001
1111000001
0000100001
1000100001
0100100001
1100100001
0010100001
1010100001
0110100001
1110100001
0001100001
1001100001
0101100001
1101100001
0011100001
1011100001
0111100001
1111100001
0000010001
1000010001
0100010001
1100010001
0010010001
1010010001
0110010001
1110010001
0001010001
1001010001
0101010001
1101010001
0011010001
1011010001
0111010001
1111010001
0000110001
1000110001
0100110001
1100110001
0010110001
1010110001
0110110001
1110110001
0001110001
1001110001
0101110001
1101110001
0011110001
1011110001
0111110001
1111110001
0000001001
1000001001
0100001001
1100001001
0010001001
1010001001
0110001001
1110001001
0001001001
1001001001
0101001001
1101001001
0011001001
1011001001
0111001001
1111001001
0000101001
1000101001
0100101001
1100101001
0010101001
1010101001
0110101001
1110101001
0001101001
1001101001
0101101001
1101101001
0011101001
1011101001
0111101001
1111101001
0000011001
1000011001
0100011001
1100011001
0010011001
1010011001
0110011001
1110011001
0001011001
1001011001
0101011001
1101011001
0011011001
1011011001
0111011001
1111011001
0000111001
1000111001
0100111001
1100111001
0010111001
1010111001
0110111001
1110111001
0001111001
1001111001
0101111001
1101111001
0011111001
1011111001
0111111001
1111111001
0000000101
1000000101
0100000101
1100000101
0010000101
1010000101
0110000101
1110000101
0001000101
1001000101
0101000101
1101000101
0011000101
1011000101
0111000101
1111000101
0000100101
1000100101
0100100101
1100100101
0010100101
1010100101
0110100101
1110100101
0001100101
1001100101
0101100101
1101100101
0011100101
1011100101
0111100101
1111100101
0000010101
1000010101
0100010101
1100010101
0010010101
1010010101
0110010101
1110010101
0001010101
1001010101
0101010101
1101010101
0011010101
1011010101
0111010101
1111010101
0000110101
1000110101
0100110101
1100110101
0010110101
1010110101
0110110101
1110110101
0001110101
1001110101
0101110101
1101110101
0011110101
1011110101
0111110101
1111110101
0000001101
1000001101
0100001101
1100001101
0010001101
1010001101
0110001101
1110001101
0001001101
1001001101
0101001101
1101001101
0011001101
1011001101
0111001101
1111001101
0000101101
1000101101
0100101101
1100101101
0010101101
1010101101
0110101101
1110101101
0001101101
1001101101
0101101101
1101101101
0011101101
1011101101
0111101101
1111101101
0000011101
1000011101
0100011101
1100011101
0010011101
1010011101
0110011101
1110011101
0001011101
1001011101
0101011101
1101011101
0011011101
1011011101
0111011101
1111011101
0000111101
1000111101
0100111101
1100111101
0010111101
1010111101
0110111101
1110111101
0001111101
1001111101
0101111101
1101111101
0011111101
1011111101
0111111101
1111111101
0000000011
1000000011
0100000011
1100000011
0010000011
1010000011
0110000011
1110000011
0001000011
1001000011
0101000011
1101000011
0011000011
1011000011
0111000011
1111000011
0000100011
1000100011
0100100011
1100100011
0010100011
1010100011
0110100011
1110100011
0001100011
1001100011
0101100011
1101100011
0011100011
1011100011
0111100011
1111100011
0000010011
1000010011
0100010011
1100010011
0010010011
1010010011
0110010011
1110010011
0001010011
1001010011
0101010011
1101010011
0011010011
1011010011
0111010011
1111010011
0000110011
1000110011
0100110011
1100110011
0010110011
1010110011
0110110011
1110110011
0001110011
1001110011
0101110011
1101110011
0011110011
1011110011
0111110011
1111110011
0000001011
1000001011
0100001011
1100001011
0010001011
1010001011
0110001011
1110001011
0001001011
1001001011
0101001011
1101001011
0011001011
1011001011
0111001011
1111001011
0000101011
1000101011
0100101011
1100101011
0010101011
1010101011
0110101011
1110101011
0001101011
1001101011
0101101011
1101101011
0011101011
1011101011
0111101011
1111101011
0000011011
1000011011
0100011011
1100011011
0010011011
1010011011
0110011011
1110011011
0001011011
1001011011
0101011011
1101011011
0011011011
1011011011
0111011011
1111011011
0000111011
1000111011
0100111011
1100111011
0010111011
1010111011
0110111011
1110111011
0001111011
1001111011
0101111011
1101111011
0011111011
1011111011
0111111011
1111111011
0000000111
1000000111
0100000111
1100000111
0010000111
1010000111
0110000111
1110000111
0001000111
1001000111
0101000111
1101000111
0011000111
1011000111
0111000111
1111000111
0000100111
1000100111
0100100111
1100100111
0010100111
1010100111
0110100111
1110100111
0001100111
1001100111
0101100111
1101100111
0011100111
1011100111
0111100111
1111100111
0000010111
1000010111
0100010111
1100010111
0010010111
1010010111
0110010111
1110010111
0001010111
1001010111
0101010111
1101010111
0011010111
1011010111
0111010111
1111010111
0000110111
1000110111
0100110111
1100110111
0010110111
1010110111
0110110111
1110110111
0001110111
1001110111
0101110111
1101110111
0011110111
1011110111
0111110111
1111110111
0000001111
1000001111
0100001111
1100001111
0010001111
1010001111
0110001111
1110001111
0001001111
1001001111
0101001111
1101001111
0011001111
1011001111
0111001111
1111001111
0000101111
1000101111
0100101111
1100101111
0010101111
1010101111
0110101111
1110101111
0001101111
1001101111
0101101111
1101101111
0011101111
1011101111
0111101111
1111101111
0000011111
1000011111
0100011111
1100011111
0010011111
1010011111
0110011111
1110011111
0001011111
1001011111
0101011111
1101011111
0011011111
1011011111
0111011111
1111011111
0000111111
1000111111
0100111111
1100111111
0010111111
1010111111
0110111111
1110111111
0001111111
1001111111
0101111111
1101111111
0011111111
1011111111
0111111111
1111111111
00000000001
10000000001
01000000001
11000000001
00100000001
10100000001
01100000001
11100000001
00010000001
10010000001
01010000001
11010000001
00110000001
10110000001
01110000001
11110000001
00001000001
10001000001
01001000001
11001000001
00101000001
10101000001
01101000001
11101000001
00011000001
10011000001
01011000001
11011000001
00111000001
10111000001
01111000001
11111000001
00000100001
10000100001
01000100001
11000100001
00100100001
10100100001
01100100001
11100100001
00010100001
10010100001
01010100001
11010100001
00110100001
10110100001
01110100001
11110100001
00001100001
10001100001
01001100001
11001100001
00101100001
10101100001
01101100001
11101100001
00011100001
10011100001
01011100001
11011100001
00111100001
10111100001
01111100001
11111100001
00000010001
10000010001
01000010001
11000010001
00100010001
10100010001
01100010001
11100010001
00010010001
10010010001
01010010001
11010010001
00110010001
10110010001
01110010001
11110010001
00001010001
10001010001
01001010001
11001010001
00101010001
10101010001
01101010001
11101010001
00011010001
10011010001
01011010001
11011010001
00111010001
10111010001
01111010001
11111010001
00000110001
10000110001
01000110001
11000110001
00100110001
10100110001
01100110001
11100110001
00010110001
10010110001
01010110001
11010110001
00110110001
10110110001
01110110001
11110110001
00001110001
10001110001
01001110001
11001110001
00101110001
10101110001
01101110001
11101110001
00011110001
10011110001
01011110001
11011110001
00111110001
10111110001
01111110001
11111110001
00000001001
10000001001
01000001001
11000001001
00100001001
10100001001
01100001001
11100001001
00010001001
10010001001
01010001001
11010001001
00110001001
10110001001
01110001001
11110001001
00001001001
10001001001
01001001001
11001001001
00101001001
10101001001
01101001001
11101001001
00011001001
10011001001
01011001001
11011001001
00111001001
10111001001
01111001001
11111001001
00000101001
10000101001
01000101001
11000101001
00100101001
10100101001
01100101001
11100101001
00010101001
10010101001
01010101001
11010101001
00110101001
10110101001
01110101001
11110101001
00001101001
10001101001
01001101001
11001101001
00101101001
10101101001
01101101001
11101101001
00011101001
10011101001
01011101001
11011101001
00111101001
10111101001
01111101001
11111101001
00000011001
10000011001
01000011001
11000011001
00100011001
10100011001
01100011001
11100011001
00010011001
10010011001
01010011001
11010011001
00110011001
10110011001
01110011001
11110011001
00001011001
10001011001
01001011001
11001011001
00101011001
10101011001
01101011001
11101011001
00011011001
10011011001
01011011001
11011011001
00111011001
10111011001
01111011001
11111011001
00000111001
10000111001
01000111001
11000111001
00100111001
10100111001
01100111001
11100111001
00010111001
10010111001
01010111001
11010111001
00110111001
10110111001
01110111001
11110111001
00001111001
10001111001
01001111001
11001111001
00101111001
10101111001
01101111001
11101111001
00011111001
10011111001
01011111001
11011111001
00111111001
10111111001
01111111001
11111111001
00000000101
10000000101
01000000101
11000000101
00100000101
10100000101
01100000101
11100000101
00010000101
10010000101
01010000101
11010000101
00110000101
10110000101
01110000101
11110000101
00001000101
10001000101
01001000101
11001000101
00101000101
10101000101
01101000101
11101000101
00011000101
10011000101
01011000101
11011000101
00111000101
10111000101
01111000101
11111000101
00000100101
10000100101
01000100101
11000100101
00100100101
10100100101
01100100101
11100100101
00010100101
10010100101
01010100101
11010100101
00110100101
10110100101
01110100101
11110100101
00001100101
10001100101
01001100101
11001100101
00101100101
10101100101
01101100101
11101100101
00011100101
10011100101
01011100101
11011100101
00111100101
10111100101
01111100101
11111100101
00000010101
10000010101
01000010101
11000010101
00100010101
10100010101
01100010101
11100010101
00010010101
10010010101
01010010101
11010010101
00110010101
10110010101
01110010101
11110010101
00001010101
10001010101
01001010101
11001010101
00101010101
10101010101
01101010101
11101010101
00011010101
10011010101
01011010101
11011010101
00111010101
10111010101
01111010101
11111010101
00000110101
10000110101
01000110101
11000110101
00100110101
10100110101
01100110101
11100110101
00010110101
10010110101
01010110101
11010110101
00110110101
10110110101
01110110101
11110110101
00001110101
10001110101
01001110101
11001110101
00101110101
10101110101
01101110101
11101110101
00011110101
10011110101
01011110101
11011110101
00111110101
10111110101
01111110101
11111110101
00000001101
10000001101
01000001101
11000001101
00100001101
10100001101
01100001101
11100001101
00010001101
10010001101
01010001101
11010001101
00110001101
10110001101
01110001101
11110001101
00001001101
10001001101
01001001101
11001001101
00101001101
10101001101
01101001101
11101001101
00011001101
10011001101
01011001101
11011001101
00111001101
10111001101
01111001101
11111001101
00000101101
10000101101
01000101101
11000101101
00100101101
10100101101
01100101101
11100101101
00010101101
10010101101
01010101101
11010101101
00110101101
10110101101
01110101101
11110101101
00001101101
10001101101
01001101101
11001101101
00101101101
10101101101
01101101101
11101101101
00011101101
10011101101
01011101101
11011101101
00111101101
10111101101
01111101101
11111101101
00000011101
10000011101
01000011101
11000011101
00100011101
10100011101
01100011101
11100011101
00010011101
10010011101
01010011101
11010011101
00110011101
10110011101
01110011101
11110011101
00001011101
10001011101
01001011101
11001011101
00101011101
10101011101
01101011101
11101011101
00011011101
10011011101
01011011101
11011011101
00111011101
10111011101
01111011101
11111011101
00000111101
10000111101
01000111101
11000111101
00100111101
10100111101
01100111101
11100111101
00010111101
10010111101
01010111101
11010111101
00110111101
10110111101
01110111101
11110111101
00001111101
10001111101
01001111101
11001111101
00101111101
10101111101
01101111101
11101111101
00011111101
10011111101
01011111101
11011111101
00111111101
10111111101
01111111101
11111111101
00000000011
10000000011
01000000011
11000000011
00100000011
10100000011
01100000011
11100000011
00010000011
10010000011
01010000011
11010000011
00110000011
10110000011
01110000011
11110000011
00001000011
10001000011
01001000011
11001000011
00101000011
10101000011
01101000011
11101000011
00011000011
10011000011
01011000011
11011000011
00111000011
10111000011
01111000011
11111000011
00000100011
10000100011
01000100011
11000100011
00100100011
10100100011
01100100011
11100100011
00010100011
10010100011
01010100011
11010100011
00110100011
10110100011
01110100011
11110100011
00001100011
10001100011
01001100011
11001100011
00101100011
10101100011
01101100011
11101100011
00011100011
10011100011
01011100011
11011100011
00111100011
10111100011
01111100011
11111100011
00000010011
10000010011
01000010011
11000010011
00100010011
10100010011
01100010011
11100010011
00010010011
10010010011
01010010011
11010010011
00110010011
10110010011
01110010011
11110010011
00001010011
10001010011
01001010011
11001010011
00101010011
10101010011
01101010011
11101010011
00011010011
10011010011
01011010011
11011010011
00111010011
10111010011
01111010011
11111010011
00000110011
10000110011
01000110011
11000110011
00100110011
10100110011
01100110011
11100110011
00010110011
10010110011
01010110011
11010110011
00110110011
10110110011
01110110011
11110110011
00001110011
10001110011
01001110011
11001110011
00101110011
10101110011
01101110011
11101110011
00011110011
10011110011
01011110011
11011110011
00111110011
10111110011
01111110011
11111110011
00000001011
10000001011
01000001011
11000001011
00100001011
10100001011
01100001011
11100001011
00010001011
10010001011
01010001011
11010001011
00110001011
10110001011
01110001011
11110001011
00001001011
10001001011
01001001011
11001001011
00101001011
10101001011
01101001011
11101001011
00011001011
10011001011
01011001011
11011001011
00111001011
10111001011
01111001011
11111001011
00000101011
10000101011
01000101011
11000101011
00100101011
10100101011
01100101011
11100101011
00010101011
10010101011
01010101011
11010101011
00110101011
10110101011
01110101011
11110101011
00001101011
10001101011
01001101011
11001101011
00101101011
10101101011
01101101011
11101101011
00011101011
10011101011
01011101011
11011101011
00111101011
10111101011
01111101011
11111101011
00000011011
10000011011
01000011011
11000011011
00100011011
10100011011
01100011011
11100011011
00010011011
10010011011
01010011011
11010011011
00110011011
10110011011
01110011011
11110011011
00001011011
10001011011
01001011011
11001011011
00101011011
10101011011
01101011011
11101011011
00011011011
10011011011
01011011011
11011011011
00111011011
10111011011
01111011011
11111011011
00000111011
10000111011
01000111011
11000111011
00100111011
10100111011
01100111011
11100111011
00010111011
10010111011
01010111011
11010111011
00110111011
10110111011
01110111011
11110111011
00001111011
10001111011
01001111011
11001111011
00101111011
10101111011
01101111011
11101111011
00011111011
10011111011
01011111011
11011111011
00111111011
10111111011
01111111011
11111111011
00000000111
10000000111
01000000111
11000000111
00100000111
10100000111
01100000111
11100000111
00010000111
10010000111
01010000111
11010000111
00110000111
10110000111
01110000111
11110000111
00001000111
10001000111
01001000111
11001000111
00101000111
10101000111
01101000111
11101000111
00011000111
10011000111
01011000111
11011000111
00111000111
10111000111
01111000111
11111000111
00000100111
10000100111
01000100111
11000100111
00100100111
10100100111
01100100111
11100100111
00010100111
10010100111
01010100111
11010100111
00110100111
10110100111
01110100111
11110100111
00001100111
10001100111
01001100111
11001100111
00101100111
10101100111
01101100111
11101100111
00011100111
10011100111
01011100111
11011100111
00111100111
10111100111
01111100111
11111100111
00000010111
10000010111
01000010111
11000010111
00100010111
10100010111
01100010111
11100010111
00010010111
10010010111
01010010111
11010010111
00110010111
10110010111
01110010111
11110010111
00001010111
10001010111
01001010111
11001010111
00101010111
10101010111
01101010111
11101010111
00011010111
10011010111
01011010111
11011010111
00111010111
10111010111
01111010111
11111010111
00000110111
10000110111
01000110111
11000110111
00100110111
10100110111
01100110111
11100110111
00010110111
10010110111
01010110111
11010110111
00110110111
10110110111
01110110111
11110110111
00001110111
10001110111
01001110111
11001110111
00101110111
10101110111
01101110111
11101110111
00011110111
10011110111
01011110111
11011110111
00111110111
10111110111
01111110111
11111110111
00000001111
10000001111
01000001111
11000001111
00100001111
10100001111
01100001111
11100001111
00010001111
10010001111
01010001111
11010001111
00110001111
10110001111
01110001111
11110001111
00001001111
10001001111
01001001111
11001001111
00101001111
10101001111
01101001111
11101001111
00011001111
10011001111
01011001111
11011001111
00111001111
10111001111
01111001111
11111001111
00000101111
10000101111
01000101111
11000101111
00100101111
10100101111
01100101111
11100101111
00010101111
10010101111
01010101111
11010101111
00110101111
10110101111
01110101111
11110101111
00001101111
10001101111
01001101111
11001101111
00101101111
10101101111
01101101111
11101101111
00011101111
10011101111
01011101111
11011101111
00111101111
10111101111
01111101111
11111101111
00000011111
10000011111
01000011111
11000011111
00100011111
10100011111
01100011111
11100011111
00010011111
10010011111
01010011111
11010011111
00110011111
10110011111
01110011111
11110011111
00001011111
10001011111
01001011111
11001011111
00101011111
10101011111
01101011111
11101011111
00011011111
10011011111
01011011111
11011011111
00111011111
10111011111
01111011111
11111011111
00000111111
10000111111
01000111111
11000111111
00100111111
10100111111
01100111111
11100111111
00010111111
10010111111
01010111111
11010111111
00110111111
10110111111
01110111111
11110111111
00001111111
10001111111
01001111111
11001111111
00101111111
10101111111
01101111111
11101111111
00011111111
10011111111
01011111111
11011111111
00111111111
10111111111
01111111111
11111111111
000000000001
100000000001
010000000001
110000000001
001000000001
101000000001
011000000001
111000000001
000100000001
100100000001
010100000001
110100000001
001100000001
101100000001
011100000001
111100000001
000010000001
100010000001
010010000001
110010000001
001010000001
101010000001
011010000001
111010000001
000110000001
100110000001
010110000001
110110000001
001110000001
101110000001
011110000001
111110000001
000001000001
100001000001
010001000001
110001000001
001001000001
101001000001
011001000001
111001000001
000101000001
100101000001
010101000001
110101000001
001101000001
101101000001
011101000001
111101000001
000011000001
100011000001
010011000001
110011000001
001011000001
101011000001
011011000001
111011000001
000111000001
100111000001
010111000001
110111000001
001111000001
101111000001
011111000001
111111000001
000000100001
100000100001
010000100001
110000100001
001000100001
101000100001
011000100001
111000100001
000100100001
100100100001
010100100001
110100100001
001100100001
101100100001
011100100001
111100100001
000010100001
100010100001
010010100001
110010100001
001010100001
101010100001
011010100001
111010100001
000110100001
100110100001
010110100001
110110100001
001110100001
101110100001
011110100001
111110100001
000001100001
100001100001
010001100001
110001100001
001001100001
101001100001
011001100001
111001100001
000101100001
100101100001
010101100001
110101100001
001101100001
101101100001
011101100001
111101100001
000011100001
100011100001
010011100001
110011100001
001011100001
101011100001
011011100001
111011100001
000111100001
100111100001
010111100001
110111100001
001111100001
101111100001
011111100001
111111100001
000000010001
100000010001
010000010001
110000010001
001000010001
101000010001
011000010001
111000010001
000100010001
100100010001
010100010001
110100010001
001100010001
101100010001
011100010001
111100010001
000010010001
100010010001
010010010001
110010010001
001010010001
101010010001
011010010001
111010010001
000110010001
100110010001
010110010001
110110010001
001110010001
101110010001
011110010001
111110010001
000001010001
100001010001
010001010001
110001010001
001001010001
101001010001
011001010001
111001010001
000101010001
100101010001
010101010001
110101010001
001101010001
101101010001
011101010001
111101010001
000011010001
100011010001
010011010001
110011010001
001011010001
101011010001
011011010001
111011010001
000111010001
100111010001
010111010001
110111010001
001111010001
101111010001
011111010001
111111010001
000000110001
100000110001
010000110001
110000110001
001000110001
101000110001
011000110001
111000110001
000100110001
100100110001
010100110001
110100110001
001100110001
101100110001
011100110001
111100110001
000010110001
100010110001
010010110001
110010110001
001010110001
101010110001
011010110001
111010110001
000110110001
100110110001
010110110001
110110110001
001110110001
101110110001
011110110001
111110110001
000001110001
100001110001
010001110001
110001110001
001001110001
101001110001
011001110001
111001110001
000101110001
100101110001
010101110001
110101110001
001101110001
101101110001
011101110001
111101110001
000011110001
100011110001
010011110001
110011110001
001011110001
101011110001
011011110001
111011110001
000111110001
100111110001
010111110001
110111110001
001111110001
101111110001
011111110001
111111110001
000000001001
100000001001
010000001001
110000001001
001000001001
101000001001
011000001001
111000001001
000100001001
100100001001
010100001001
110100001001
001100001001
101100001001
011100001001
111100001001
000010001001
100010001001
010010001001
110010001001
001010001001
101010001001
011010001001
111010001001
000110001001
100110001001
010110001001
110110001001
001110001001
101110001001
011110001001
111110001001
000001001001
100001001001
010001001001
110001001001
001001001001
101001001001
011001001001
111001001001
000101001001
100101001001
010101001001
110101001001
001101001001
101101001001
011101001001
111101001001
000011001001
100011001001
010011001001
110011001001
001011001001
101011001001
011011001001
111011001001
000111001001
100111001001
010111001001
110111001001
001111001001
101111001001
011111001001
111111001001
000000101001
100000101001
010000101001
110000101001
001000101001
101000101001
011000101001
111000101001
000100101001
100100101001
010100101001
110100101001
001100101001
101100101001
011100101001
111100101001
000010101001
100010101001
010010101001
110010101001
001010101001
101010101001
011010101001
111010101001
000110101001
100110101001
010110101001
110110101001
001110101001
101110101001
011110101001
111110101001
000001101001
100001101001
010001101001
110001101001
001001101001
101001101001
011001101001
111001101001
000101101001
100101101001
010101101001
110101101001
001101101001
101101101001
011101101001
111101101001
000011101001
100011101001
010011101001
110011101001
001011101001
101011101001
011011101001
111011101001
000111101001
100111101001
010111101001
110111101001
001111101001
101111101001
011111101001
111111101001
000000011001
100000011001
010000011001
110000011001
001000011001
101000011001
011000011001
111000011001
000100011001
100100011001
010100011001
110100011001
001100011001
101100011001
011100011001
111100011001
000010011001
100010011001
010010011001
110010011001
001010011001
101010011001
011010011001
111010011001
000110011001
100110011001
010110011001
110110011001
001110011001
101110011001
011110011001
111110011001
000001011001
100001011001
010001011001
110001011001
001001011001
101001011001
011001011001
111001011001
000101011001
100101011001
010101011001
110101011001
001101011001
101101011001
011101011001
111101011001
000011011001
100011011001
010011011001
110011011001
001011011001
101011011001
011011011001
111011011001
000111011001
100111011001
010111011001
110111011001
001111011001
101111011001
011111011001
111111011001
000000111001
100000111001
010000111001
110000111001
001000111001
101000111001
011000111001
111000111001
000100111001
100100111001
010100111001
110100111001
001100111001
101100111001
011100111001
111100111001
000010111001
100010111001
010010111001
110010111001
001010111001
101010111001
011010111001
111010111001
000110111001
100110111001
010110111001
110110111001
001110111001
101110111001
011110111001
111110111001
000001111001
100001111001
010001111001
110001111001
001001111001
101001111001
011001111001
111001111001
000101111001
100101111001
010101111001
110101111001
001101111001
101101111001
011101111001
111101111001
000011111001
100011111001
010011111001
110011111001
001011111001
101011111001
011011111001
111011111001
000111111001
100111111001
010111111001
110111111001
001111111001
101111111001
011111111001
111111111001
000000000101
100000000101
010000000101
110000000101
001000000101
101000000101
011000000101
111000000101
000100000101
100100000101
010100000101
110100000101
001100000101
101100000101
011100000101
111100000101
000010000101
100010000101
010010000101
110010000101
001010000101
101010000101
011010000101
111010000101
000110000101
100110000101
010110000101
110110000101
001110000101
101110000101
011110000101
111110000101
000001000101
100001000101
010001000101
110001000101
001001000101
101001000101
011001000101
111001000101
000101000101
100101000101
010101000101
110101000101
001101000101
101101000101
011101000101
111101000101
000011000101
100011000101
010011000101
110011000101
001011000101
101011000101
011011000101
111011000101
000111000101
100111000101
010111000101
110111000101
001111000101
101111000101
011111000101
111111000101
000000100101
100000100101
010000100101
110000100101
001000100101
101000100101
011000100101
111000100101
000100100101
100100100101
010100100101
110100100101
001100100101
101100100101
011100100101
111100100101
000010100101
100010100101
010010100101
110010100101
001010100101
101010100101
011010100101
111010100101
000110100101
100110100101
010110100101
110110100101
001110100101
101110100101
011110100101
111110100101
000001100101
100001100101
010001100101
110001100101
001001100101
101001100101
011001100101
111001100101
000101100101
100101100101
010101100101
110101100101
001101100101
101101100101
011101100101
111101100101
000011100101
100011100101
010011100101
110011100101
001011100101
101011100101
011011100101
111011100101
000111100101
100111100101
010111100101
110111100101
001111100101
101111100101
011111100101
111111100101
000000010101
100000010101
010000010101
110000010101
001000010101
101000010101
011000010101
111000010101
000100010101
100100010101
010100010101
110100010101
001100010101
101100010101
011100010101
111100010101
000010010101
100010010101
010010010101
110010010101
001010010101
101010010101
011010010101
111010010101
000110010101
100110010101
010110010101
110110010101
001110010101
101110010101
011110010101
111110010101
000001010101
100001010101
010001010101
110001010101
001001010101
101001010101
011001010101
111001010101
000101010101
100101010101
010101010101
110101010101
001101010101
101101010101
011101010101
111101010101
000011010101
100011010101
010011010101
110011010101
001011010101
101011010101
011011010101
111011010101
000111010101
100111010101
010111010101
110111010101
001111010101
101111010101
011111010101
111111010101
000000110101
100000110101
010000110101
110000110101
001000110101
101000110101
011000110101
111000110101
000100110101
100100110101
010100110101
110100110101
001100110101
101100110101
011100110101
111100110101
000010110101
100010110101
010010110101
110010110101
001010110101
101010110101
011010110101
111010110101
000110110101
100110110101
010110110101
110110110101
001110110101
101110110101
011110110101
111110110101
000001110101
100001110101
010001110101
110001110101
001001110101
101001110101
011001110101
111001110101
000101110101
100101110101
010101110101
110101110101
001101110101
101101110101
011101110101
111101110101
000011110101
100011110101
010011110101
110011110101
001011110101
101011110101
011011110101
111011110101
000111110101
100111110101
010111110101
110111110101
001111110101
101111110101
011111110101
111111110101
000000001101
100000001101
010000001101
110000001101
001000001101
101000001101
011000001101
111000001101
000100001101
100100001101
010100001101
110100001101
001100001101
101100001101
011100001101
111100001101
000010001101
100010001101
010010001101
110010001101
001010001101
101010001101
011010001101
111010001101
000110001101
100110001101
010110001101
110110001101
001110001101
101110001101
011110001101
111110001101
000001001101
100001001101
010001001101
110001001101
001001001101
101001001101
011001001101
111001001101
000101001101
100101001101
010101001101
110101001101
001101001101
101101001101
011101001101
111101001101
000011001101
100011001101
010011001101
110011001101
001011001101
101011001101
011011001101
111011001101
000111001101
100111001101
010111001101
110111001101
001111001101
101111001101
011111001101
111111001101
000000101101
100000101101
010000101101
110000101101
001000101101
101000101101
011000101101
111000101101
000100101101
100100101101
010100101101
110100101101
001100101101
101100101101
011100101101
111100101101
000010101101
100010101101
010010101101
110010101101
001010101101
101010101101
011010101101
111010101101
000110101101
100110101101
010110101101
110110101101
001110101101
101110101101
011110101101
111110101101
000001101101
100001101101
010001101101
110001101101
001001101101
101001101101
011001101101
111001101101
000101101101
100101101101
010101101101
110101101101
001101101101
101101101101
011101101101
111101101101
000011101101
100011101101
010011101101
110011101101
001011101101
101011101101
011011101101
111011101101
000111101101
100111101101
010111101101
110111101101
001111101101
101111101101
011111101101
111111101101
000000011101
100000011101
010000011101
110000011101
001000011101
101000011101
011000011101
111000011101
000100011101
100100011101
010100011101
110100011101
001100011101
101100011101
011100011101
111100011101
000010011101
100010011101
010010011101
110010011101
001010011101
101010011101
011010011101
111010011101
000110011101
100110011101
010110011101
110110011101
001110011101
101110011101
011110011101
111110011101
000001011101
100001011101
010001011101
110001011101
001001011101
101001011101
011001011101
111001011101
000101011101
100101011101
010101011101
110101011101
001101011101
101101011101
011101011101
111101011101
000011011101
100011011101
010011011101
110011011101
001011011101
101011011101
011011011101
111011011101
000111011101
100111011101
010111011101
110111011101
001111011101
101111011101
011111011101
111111011101
000000111101
100000111101
010000111101
110000111101
001000111101
101000111101
011000111101
111000111101
000100111101
100100111101
010100111101
110100111101
001100111101
101100111101
011100111101
111100111101
000010111101
100010111101
010010111101
110010111101
001010111101
101010111101
011010111101
111010111101
000110111101
100110111101
010110111101
110110111101
001110111101
101110111101
011110111101
111110111101
000001111101
100001111101
010001111101
110001111101
001001111101
101001111101
011001111101
111001111101
000101111101
100101111101
010101111101
110101111101
001101111101
101101111101
011101111101
111101111101
000011111101
100011111101
010011111101
110011111101
001011111101
101011111101
011011111101
111011111101
000111111101
100111111101
010111111101
110111111101
001111111101
101111111101
011111111101
111111111101
000000000011
100000000011
010000000011
110000000011
001000000011
101000000011
011000000011
111000000011
000100000011
100100000011
010100000011
110100000011
001100000011
101100000011
011100000011
111100000011
000010000011
100010000011
010010000011
110010000011
001010000011
101010000011
011010000011
111010000011
000110000011
100110000011
010110000011
110110000011
001110000011
101110000011
011110000011
111110000011
000001000011
100001000011
010001000011
110001000011
001001000011
101001000011
011001000011
111001000011
000101000011
100101000011
010101000011
110101000011
001101000011
101101000011
011101000011
111101000011
000011000011
100011000011
010011000011
110011000011
001011000011
101011000011
011011000011
111011000011
000111000011
100111000011
010111000011
110111000011
001111000011
101111000011
011111000011
111111000011
000000100011
100000100011
010000100011
110000100011
001000100011
101000100011
011000100011
111000100011
000100100011
100100100011
010100100011
110100100011
001100100011
101100100011
011100100011
111100100011
000010100011
100010100011
010010100011
110010100011
001010100011
101010100011
011010100011
111010100011
000110100011
100110100011
010110100011
110110100011
001110100011
101110100011
011110100011
111110100011
000001100011
100001100011
010001100011
110001100011
001001100011
101001100011
011001100011
111001100011
000101100011
100101100011
010101100011
110101100011
001101100011
101101100011
011101100011
111101100011
000011100011
100011100011
010011100011
110011100011
001011100011
101011100011
011011100011
111011100011
000111100011
100111100011
010111100011
110111100011
001111100011
101111100011
011111100011
111111100011
000000010011
100000010011
010000010011
110000010011
001000010011
101000010011
011000010011
111000010011
000100010011
100100010011
010100010011
110100010011
001100010011
101100010011
011100010011
111100010011
000010010011
100010010011
010010010011
110010010011
001010010011
101010010011
011010010011
111010010011
000110010011
100110010011
010110010011
110110010011
001110010011
101110010011
011110010011
111110010011
000001010011
100001010011
010001010011
110001010011
001001010011
101001010011
011001010011
111001010011
000101010011
100101010011
010101010011
110101010011
001101010011
101101010011
011101010011
111101010011
000011010011
100011010011
010011010011
110011010011
001011010011
101011010011
011011010011
111011010011
000111010011
100111010011
010111010011
110111010011
001111010011
101111010011
011111010011
111111010011
000000110011
100000110011
010000110011
110000110011
001000110011
101000110011
011000110011
111000110011
000100110011
100100110011
010100110011
110100110011
001100110011
101100110011
011100110011
111100110011
000010110011
100010110011
010010110011
110010110011
001010110011
101010110011
011010110011
111010110011
000110110011
100110110011
010110110011
110110110011
001110110011
101110110011
011110110011
111110110011
000001110011
100001110011
010001110011
110001110011
001001110011
101001110011
011001110011
111001110011
000101110011
100101110011
010101110011
110101110011
001101110011
101101110011
011101110011
111101110011
000011110011
100011110011
010011110011
110011110011
001011110011
101011110011
011011110011
111011110011
000111110011
100111110011
010111110011
110111110011
001111110011
101111110011
011111110011
111111110011
000000001011
100000001011
010000001011
110000001011
001000001011
101000001011
011000001011
111000001011
000100001011
100100001011
010100001011
110100001011
001100001011
101100001011
011100001011
111100001011
000010001011
100010001011
010010001011
110010001011
001010001011
101010001011
011010001011
111010001011
000110001011
100110001011
010110001011
110110001011
001110001011
101110001011
011110001011
111110001011
000001001011
100001001011
010001001011
110001001011
001001001011
101001001011
011001001011
111001001011
000101001011
100101001011
010101001011
110101001011
001101001011
101101001011
011101001011
111101001011
000011001011
100011001011
010011001011
110011001011
001011001011
101011001011
011011001011
111011001011
000111001011
100111001011
010111001011
110111001011
001111001011
101111001011
011111001011
111111001011
000000101011
100000101011
010000101011
110000101011
001000101011
101000101011
011000101011
111000101011
000100101011
100100101011
010100101011
110100101011
001100101011
101100101011
011100101011
111100101011
000010101011
100010101011
010010101011
110010101011
001010101011
101010101011
011010101011
111010101011
000110101011
100110101011
010110101011
110110101011
001110101011
101110101011
011110101011
111110101011
000001101011
100001101011
010001101011
110001101011
001001101011
101001101011
011001101011
111001101011
000101101011
100101101011
010101101011
110101101011
001101101011
101101101011
011101101011
111101101011
000011101011
100011101011
010011101011
110011101011
001011101011
101011101011
011011101011
111011101011
000111101011
100111101011
010111101011
110111101011
001111101011
101111101011
011111101011
111111101011
000000011011
100000011011
010000011011
110000011011
001000011011
101000011011
011000011011
111000011011
000100011011
100100011011
010100011011
110100011011
001100011011
101100011011
011100011011
111100011011
000010011011
100010011011
010010011011
110010011011
001010011011
101010011011
011010011011
111010011011
000110011011
100110011011
010110011011
110110011011
001110011011
101110011011
011110011011
111110011011
000001011011
100001011011
010001011011
110001011011
001001011011
101001011011
011001011011
111001011011
000101011011
100101011011
010101011011
110101011011
001101011011
101101011011
011101011011
111101011011
000011011011
100011011011
010011011011
110011011011
001011011011
101011011011
011011011011
111011011011
000111011011
100111011011
010111011011
110111011011
001111011011
101111011011
011111011011
111111011011
000000111011
100000111011
010000111011
110000111011
001000111011
101000111011
011000111011
111000111011
000100111011
100100111011
010100111011
110100111011
001100111011
101100111011
011100111011
111100111011
000010111011
100010111011
010010111011
110010111011
001010111011
101010111011
011010111011
111010111011
000110111011
100110111011
010110111011
110110111011
001110111011
101110111011
011110111011
111110111011
000001111011
100001111011
010001111011
110001111011
001001111011
101001111011
011001111011
111001111011
000101111011
100101111011
010101111011
110101111011
001101111011
101101111011
011101111011
111101111011
000011111011
100011111011
010011111011
110011111011
001011111011
101011111011
011011111011
111011111011
000111111011
100111111011
010111111011
110111111011
001111111011
101111111011
011111111011
111111111011
000000000111
100000000111
010000000111
110000000111
001000000111
101000000111
011000000111
111000000111
000100000111
100100000111
010100000111
110100000111
001100000111
101100000111
011100000111
111100000111
000010000111
100010000111
010010000111
110010000111
001010000111
101010000111
011010000111
111010000111
000110000111
100110000111
010110000111
110110000111
001110000111
101110000111
011110000111
111110000111
000001000111
100001000111
010001000111
110001000111
001001000111
101001000111
011001000111
111001000111
000101000111
100101000111
010101000111
110101000111
001101000111
101101000111
011101000111
111101000111
000011000111
100011000111
010011000111
110011000111
001011000111
101011000111
011011000111
111011000111
000111000111
100111000111
010111000111
110111000111
001111000111
101111000111
011111000111
111111000111
000000100111
100000100111
010000100111
110000100111
001000100111
101000100111
011000100111
111000100111
000100100111
100100100111
010100100111
110100100111
001100100111
101100100111
011100100111
111100100111
000010100111
100010100111
010010100111
110010100111
001010100111
101010100111
011010100111
111010100111
000110100111
100110100111
010110100111
110110100111
001110100111
101110100111
011110100111
111110100111
000001100111
100001100111
010001100111
110001100111
001001100111
101001100111
011001100111
111001100111
000101100111
100101100111
010101100111
110101100111
001101100111
101101100111
011101100111
111101100111
000011100111
100011100111
010011100111
110011100111
001011100111
101011100111
011011100111
111011100111
000111100111
100111100111
010111100111
110111100111
001111100111
101111100111
011111100111
111111100111
000000010111
100000010111
010000010111
110000010111
001000010111
101000010111
011000010111
111000010111
000100010111
100100010111
010100010111
110100010111
001100010111
101100010111
011100010111
111100010111
000010010111
100010010111
010010010111
110010010111
001010010111
101010010111
011010010111
111010010111
000110010111
100110010111
010110010111
110110010111
001110010111
101110010111
011110010111
111110010111
000001010111
100001010111
010001010111
110001010111
001001010111
101001010111
011001010111
111001010111
000101010111
100101010111
010101010111
110101010111
001101010111
101101010111
011101010111
111101010111
000011010111
100011010111
010011010111
110011010111
001011010111
101011010111
011011010111
111011010111
000111010111
100111010111
010111010111
110111010111
001111010111
101111010111
011111010111
111111010111
000000110111
100000110111
010000110111
110000110111
001000110111
101000110111
011000110111
111000110111
000100110111
100100110111
010100110111
110100110111
001100110111
101100110111
011100110111
111100110111
000010110111
100010110111
010010110111
110010110111
001010110111
101010110111
011010110111
111010110111
000110110111
100110110111
010110110111
110110110111
001110110111
101110110111
011110110111
111110110111
000001110111
100001110111
010001110111
110001110111
001001110111
101001110111
011001110111
111001110111
000101110111
100101110111
010101110111
110101110111
001101110111
101101110111
011101110111
111101110111
000011110111
100011110111
010011110111
110011110111
001011110111
101011110111
011011110111
111011110111
000111110111
100111110111
010111110111
110111110111
001111110111
101111110111
011111110111
111111110111
000000001111
100000001111
010000001111
110000001111
001000001111
101000001111
011000001111
111000001111
000100001111
100100001111
010100001111
110100001111
001100001111
101100001111
011100001111
111100001111
000010001111
100010001111
010010001111
110010001111
001010001111
101010001111
011010001111
111010001111
000110001111
100110001111
010110001111
110110001111
001110001111
101110001111
011110001111
111110001111
000001001111
100001001111
010001001111
110001001111
001001001111
101001001111
011001001111
111001001111
000101001111
100101001111
010101001111
110101001111
001101001111
101101001111
011101001111
111101001111
000011001111
100011001111
010011001111
110011001111
001011001111
101011001111
011011001111
111011001111
000111001111
100111001111
010111001111
110111001111
001111001111
101111001111
011111001111
111111001111
000000101111
100000101111
010000101111
110000101111
001000101111
101000101111
011000101111
111000101111
000100101111
100100101111
010100101111
110100101111
001100101111
101100101111
011100101111
111100101111
000010101111
100010101111
010010101111
110010101111
001010101111
101010101111
011010101111
111010101111
000110101111
100110101111
010110101111
110110101111
001110101111
101110101111
011110101111
111110101111
000001101111
100001101111
010001101111
110001101111
001001101111
101001101111
011001101111
111001101111
000101101111
100101101111
010101101111
110101101111
001101101111
101101101111
011101101111
111101101111
000011101111
100011101111
010011101111
110011101111
001011101111
101011101111
011011101111
111011101111
000111101111
100111101111
010111101111
110111101111
001111101111
101111101111
011111101111
111111101111
000000011111
100000011111
010000011111
110000011111
001000011111
101000011111
011000011111
111000011111
000100011111
100100011111
010100011111
110100011111
001100011111
101100011111
011100011111
111100011111
000010011111
100010011111
010010011111
110010011111
001010011111
101010011111
011010011111
111010011111
000110011111
100110011111
010110011111
110110011111
001110011111
101110011111
011110011111
111110011111
000001011111
100001011111
010001011111
110001011111
001001011111
101001011111
011001011111
111001011111
000101011111
100101011111
010101011111
110101011111
001101011111
101101011111
011101011111
111101011111
000011011111
100011011111
010011011111
110011011111
001011011111
101011011111
011011011111
111011011111
000111011111
100111011111
010111011111
110111011111
001111011111
101111011111
011111011111
111111011111
000000111111
100000111111
010000111111
110000111111
001000111111
101000111111
011000111111
111000111111
000100111111
100100111111
010100111111
110100111111
001100111111
101100111111
011100111111
111100111111
000010111111
100010111111
010010111111
110010111111
001010111111
101010111111
011010111111
111010111111
000110111111
100110111111
010110111111
110110111111
001110111111
101110111111
011110111111
111110111111
000001111111
100001111111
010001111111
110001111111
001001111111
101001111111
011001111111
111001111111
000101111111
100101111111
010101111111
110101111111
001101111111
101101111111
011101111111
111101111111
000011111111
100011111111
010011111111
110011111111
001011111111
101011111111
011011111111
111011111111
000111111111
100111111111
010111111111
110111111111
001111111111
101111111111
011111111111
111111111111
